Kcod=8192/2/pi
Kpi=800
Kii=200
Kpp=5600
Kip=4800
Kdp=15000
umax=24
imax=4.3