L = 4e-3;
R = 3;
f = 0.0014;
K = 0.009 ;
J = 3e-6;
