cm2a=-51.2;
cm2b=-53.1;
cm2c=-55;
tpp=0.32;
J3=0.6;
m3=35.2;
a3=0.22;
J4=0.22;
m4=18.4;
l3=0.92;

Jeqth=J3+J4+m3*a3^2+m4*l3^2;
Crth=-9.81*sqrt(2)/4*(a3*m3+l3*m4)

-2*cm2b/(cm2a-cm2c)*0.32
n9=0.78;
r9=0.25;
A=n9/r9;
Jeq=-n9*cm2b/(r9*8.94)
Jeq=A*(cm2a-cm2c)/(2*0.3)

f1=0.24;
f2=2*f1;
0.066*2*pi*[f1,f2]